0
1990
1993
1996
2000
2008
2010
2012
2014
2016
2018
2033
2036
2041
2046
2047
2049
2050
2051
2052
2054
2055
2057
2061
2062
2071
2073
2073
2074
2082
2085
2087
2088
2091
2092
2094
2094
2098
2100
2103
2104
2106
2109
2114
2114
2126
2135
2138
2141
2151
2151
2155
2156
2156
2158
2164
2167
2169
2172
2177
2184
2184
2188
2189
2199
2201
2205
2205
2209
2214
2215
2217
2223
2223
2225
2225
2234
2235
2237
2239
2241
2243
2247
2262
2263
2264
2267
2268
2269
2279
2282
2282
2282
2291
2291
2294
2297
2301
2304
2304
2304
2306
2307
2329
2332
2336
2337
2339
2341
2346
2346
2349
2352
2360
2362
2362
2362
2364
2365
2367
2368
2369
2369
2373
2379
2380
2384
2385
2393
2394
2395
2404
2405
2408
2408
2419
2420
2424
2431
2432
2439
2443
2445
2449
2453
2453
2454
2458
2461
2465
2470
2473
2477
2477
2485
2487
2492
2494
2498
2499
2499
2500
2502
2508
2519
2520
2522
2525
2542
2542
2543
2543
2548
2549
2549
2551
2560
2562
2564
2564
2566
2570
2573
2577
2578
2581
2582
2585
2585
2586
2589
2592
2592
2595
2596
2598
2598
2603
2605
2606
2608
2615
2618
2622
2625
2626
2630
2633
2638
2648
2649
2651
2656
2667
2671
2672
2676
2677
2680
2694
2701
2702
2703
2710
2712
2717
2717
2721
2725
2739
2740
2742
2743
2745
2749
2751
2751
2752
2752
2753
2755
2758
2762
2763
2765
2770
2770
2771
2771
2774
2775
2776
2777
2790
2794
2798
2799
2800
2802
2804
2804
2804
2806
2807
2814
2814
2816
2818
2819
2823
2832
2836
2839
2840
2841
2848
2851
2852
2853
2861
2865
2867
2871
2871
2871
2890
2892
2892
2894
2894
2895
2897
2899
2900
2901
2902
2907
2910
2910
2917
2919
2927
2934
2936
2937
2938
2939
2941
2944
2947
2949
2949
2950
2953
2953
2954
2957
2959
2961
2967
2967
2991
2992
2995
2997
3002
3003
3012
3018
3019
3024
3026
3028
3031
3033
3034
3039
3039
3041
3041
3049
3053
3054
3054
3056
3061
3061
3061
3067
3069
3070
3072
3074
3076
3076
3079
3079
3079
3081
3083
3083
3084
3093
3102
3103
3103
3108
3108
3116
3119
3123
3124
3126
3126
3131
3132
3134
3134
3135
3136
3138
3151
3155
3156
3160
3167
3170
3172
3178
3179
3183
3184
3186
3190
3191
3193
3204
3205
3207
3208
3214
3217
3228
3231
3236
3236
3239
3240
3240
3243
3247
3248
3255
3263
3264
3270
3271
3272
3276
3276
3277
3278
3284
3297
3302
3309
3311
3314
3325
3328
3341
3348
3349
3361
3363
3365
3376
3378
3379
3386
3387
3390
3391
3391
3392
3393
3394
3396
3405
3412
3412
3413
3415
3416
3418
3418
3425
3426
3427
3430
3432
3433
3434
3435
3437
3438
3441
3442
3447
3451
3453
3454
3455
3459
3460
3462
3464
3465
3477
3483
3490
3493
3493
3494
3496
3496
3499
3501
3503
3504
3508
3517
3522
3526
3526
3527
3530
3535
3536
3536
3537
3540
3541
3542
3553
3562
3577
3578
3581
3582
3584
3585
3591
3594
3595
3596
3605
3612
3621
3624
3626
3630
3630
3634
3637
3640
3641
3641
3641
3643
3653
3655
3658
3658
3659
3659
3661
3661
3663
3668
3672
3674
3678
3683
3684
3687
3689
3692
3693
3695
3695
3700
3703
3706
3713
3713
3716
3720
3722
3728
3728
3733
3733
3737
3739
3744
3746
3747
3748
3753
3758
3758
3759
3759
3761
3765
3769
3769
3769
3770
3773
3773
3776
3776
3778
3781
3792
3793
3793
3800
3801
3809
3811
3812
3815
3836
3845
3849
3850
3850
3853
3856
3857
3858
3859
3863
3865
3868
3869
3872
3872
3878
3879
3881
3881
3890
3891
3899
3900
3908
3910
3915
3924
3926
3929
3930
3931
3932
3936
3938
3940
3941
3944
3950
3952
3953
3954
3955
3963
3963
3963
3966
3968
3973
3973
3974
3976
3979
3982
3988
3991
3993
3994
3998
3999
4000
4003
4004
4004
4006
4013
4014
4015
4019
4024
4027
4027
4028
4033
4033
4034
4035
4042
4043
4046
4048
4050
4052
4066
4066
4071
4072
4074
4077
4081
4084
4092
4095
4095
4105
4111
4117
4124
4126
4130
4131
4134
4138
4142
4146
4148
4152
4153
4154
4158
4161
4164
4168
4171
4171
4171
4172
4172
4172
4175
4178
4180
4183
4184
4184
4185
4190
4194
4197
4197
4199
4207
4208
4211
4213
4215
4217
4219
4221
4223
4224
4227
4229
4231
4231
4232
4234
4236
4245
4247
4249
4259
4264
4270
4271
4276
4278
4286
4288
4289
4294
4294
4296
4297
4307
4309
4313
4314
4315
4316
4318
4318
4318
4324
4326
4326
4326
4328
4330
4332
4334
4337
4341
4343
4343
4344
4349
4355
4356
4359
4361
4362
4362
4369
4370
4371
4374
4374
4376
4380
4383
4383
4384
4387
4387
4393
4395
4400
4401
4402
4403
4409
4411
4413
4416
4422
4429
4436
4437
4443
4444
4447
4450
4450
4453
4459
4463
4465
4465
4469
4471
4475
4477
4481
4489
4491
4493
4500
4511
4513
4514
4514
4515
4526
4527
4531
4532
4534
4535
4540
4542
4544
4552
4553
4556
4561
4562
4564
4564
4565
4565
4567
4576
4578
4579
4583
4585
4586
4587
4590
4592
4595
4599
4602
4604
4605
4606
4612
4620
4624
4626
4626
4629
4632
4634
4639
4657
4657
4660
4661
4661
4666
4667
4667
4672
4674
4675
4681
4682
4694
4695
4696
4697
4701
4702
4704
4706
4706
4707
4711
4714
4716
4716
4718
4718
4720
4720
4720
4722
4723
4728
4734
4749
4752
4753
4761
4764
4767
4771
4772
4772
4776
4777
4784
4787
4788
4789
4790
4795
4798
4800
4802
4804
4805
4805
4810
4811
4812
4820
4822
4822
4833
4834
4845
4846
4848
4852
4852
4854
4857
4860
4866
4868
4871
4874
4875
4877
4877
4880
4883
4886
4889
4893
4896
4898
4902
4903
4904
4905
4906
4906
4911
4920
4924
4925
4926
4929
4930
4934
4938
4946
4946
4947
4949
4950
4952
4954
4958
4963
4964
4972
4979
4982
4982
4983
