0
3
4
7
7
9
10
11
12
13
14
15
15
16
16
16
16
17
17
19
20
20
22
22
23
23
25
28
29
29
30
30
31
34
34
34
35
35
36
38
39
39
39
40
41
42
42
44
46
46
46
47
47
48
48
50
50
52
52
54
54
55
55
56
57
57
57
59
62
63
63
64
65
66
66
68
68
69
71
71
71
72
73
74
77
81
81
81
82
82
83
84
84
85
86
87
87
87
89
89
91
92
92
92
93
93
97
102
102
103
103
104
105
106
106
106
107
109
111
112
113
114
115
121
121
122
123
125
128
129
131
131
131
132
133
133
134
136
136
138
138
138
139
139
140
140
142
142
143
143
144
144
145
146
146
147
147
147
148
148
148
149
150
151
151
152
153
155
156
156
157
159
160
162
162
162
163
163
164
166
166
170
171
171
172
173
174
175
175
176
177
177
180
180
180
181
181
182
182
188
190
191
192
193
193
194
195
195
197
198
198
199
199
200
200
200
203
203
203
204
206
206
207
208
209
209
213
213
214
216
216
218
218
220
221
221
222
223
223
224
226
227
228
229
229
234
235
235
237
238
239
239
239
239
239
242
243
243
243
243
244
246
246
247
248
249
251
251
252
252
252
253
254
255
256
258
259
261
263
263
268
269
269
269
269
270
271
272
273
274
277
278
280
280
280
281
282
283
284
284
286
287
287
289
290
290
290
291
292
294
294
295
295
296
297
297
298
299
300
300
300
302
303
306
308
308
311
312
313
313
313
314
315
316
317
317
318
320
325
326
327
327
328
331
334
334
335
336
336
340
344
344
345
346
347
347
348
349
349
350
351
351
351
352
352
353
353
353
353
353
354
354
354
356
356
358
359
359
359
360
361
361
362
363
365
366
367
369
372
373
373
374
376
376
377
379
379
379
382
383
387
389
390
392
392
396
398
400
401
401
402
402
404
405
406
407
407
408
408
409
409
409
409
411
411
411
413
414
414
417
417
417
418
419
419
419
419
421
421
423
423
425
427
427
428
429
432
433
433
434
435
436
436
437
438
439
442
445
445
445
446
446
448
449
450
451
451
452
453
456
457
459
459
459
459
460
461
461
463
463
467
468
468
468
470
471
476
478
478
480
482
484
485
486
486
488
489
490
491
491
495
496
497
498
499
500
501
501
502
503
504
504
504
506
508
508
509
509
510
511
512
513
513
513
514
514
516
516
519
520
521
523
523
523
523
524
524
525
525
528
529
530
532
532
534
536
536
537
540
541
541
541
542
544
544
544
546
546
546
546
547
548
548
550
551
552
553
556
558
558
558
558
558
558
560
560
562
562
562
563
563
564
564
565
565
566
567
568
568
568
568
569
570
571
572
573
573
576
577
578
579
579
579
580
581
583
586
587
587
587
592
592
593
593
594
594
596
598
599
599
599
600
601
603
603
606
608
608
609
609
610
610
612
613
614
614
615
615
616
617
619
619
621
625
625
625
627
627
632
632
633
633
633
637
639
639
641
642
644
645
645
645
646
650
651
652
652
653
656
656
656
657
658
660
660
661
661
662
662
663
664
665
668
668
668
669
670
670
671
671
673
673
673
674
675
677
680
681
682
683
683
685
685
686
687
687
688
688
690
690
690
690
691
691
692
692
694
694
694
694
697
698
698
700
701
703
705
705
706
707
707
708
708
709
712
716
716
716
721
723
724
726
726
726
727
728
728
729
729
729
730
731
731
731
732
732
733
734
735
739
739
744
745
745
747
749
749
749
750
752
752
755
755
756
757
758
759
760
761
763
771
771
771
773
773
773
773
774
776
776
777
778
778
779
785
786
786
787
789
790
790
790
790
790
791
791
793
793
793
795
795
795
798
801
801
801
801
802
802
803
803
805
807
807
807
810
811
811
812
813
814
815
816
818
819
820
820
820
823
823
824
826
826
826
827
827
828
829
829
832
833
837
838
839
839
840
843
846
846
850
851
851
851
852
853
855
857
857
858
859
864
864
865
865
865
866
866
867
867
869
869
870
872
872
872
876
876
878
880
880
880
880
881
882
882
883
883
887
887
888
891
893
896
898
898
899
900
900
901
902
904
905
907
908
911
914
914
917
920
925
926
926
928
929
929
930
931
931
932
932
933
936
936
938
938
939
939
940
940
941
941
942
944
945
945
945
945
946
947
949
951
951
951
953
954
957
958
959
960
962
964
964
964
967
968
968
969
970
970
970
970
970
971
972
973
974
976
978
978
980
980
982
985
986
986
989
990
991
991
992
992
992
993
993
994
994
995
996
998
1000
