4804
3325
4153
4695
4788
4639
3792
2498
4822
4314
2189
4178
3412
3024
3659
4033
2164
3938
4612
3582
2703
4626
3517
3136
3891
4217
3053
2578
4337
3737
3849
2209
3526
3728
3178
2936
3929
3773
3084
4886
3460
4805
3248
4376
4383
3979
4634
2995
3733
4696
2431
4542
3240
2907
4326
4697
2294
2346
2282
4877
3585
4000
3442
4777
4764
2836
2151
2304
4444
3465
4401
4602
3413
3988
2420
4463
3119
2622
3503
2485
2269
4211
4450
4562
3123
3061
4587
2618
3713
2445
3868
3536
3416
2297
2306
3936
4854
3393
3412
3595
4028
2458
3069
2364
3079
4313
2763
2332
3108
2201
3809
4387
3034
3716
3781
4380
2717
2525
3311
4318
3744
4734
2582
4437
3093
2502
4172
4315
3067
2051
4092
3758
4666
4344
2217
3116
3396
4219
3314
3418
4043
4706
4207
4171
2802
2871
4050
2100
4309
2794
3504
4590
2158
4276
3214
3276
2012
4221
2753
2243
3012
3494
3493
4880
3435
3079
4982
2589
4875
4361
2957
4095
4369
2938
2106
4074
2046
3931
4911
2091
4883
3683
4236
2755
4535
2949
3151
3859
3758
3391
3728
2380
3430
3415
3872
2085
2074
4722
3438
4171
2992
4215
2562
2765
3621
3581
4667
2225
4374
2188
2543
3103
4790
2677
3700
4952
2717
4585
2991
3348
4903
2710
1993
3769
4972
3363
4979
3530
2336
3747
2156
4126
3264
4902
4810
4264
3930
2033
3659
3687
3156
4544
4561
3302
3031
4332
4146
4811
2919
2062
3361
2840
2049
4259
2073
2385
3394
2114
3753
3955
3863
3722
2494
4168
3643
4540
3953
2341
4003
3108
3297
3056
4171
3748
4984
3459
4387
2605
4111
3692
4048
2804
4362
2752
3496
3191
3102
2585
3167
3596
2082
2395
2633
4749
3170
3247
2071
3968
2947
3899
4682
2337
2087
3103
2301
4450
2151
2603
3594
3277
4190
2379
4326
4795
2169
2465
4183
2680
3769
2570
4232
4852
2967
2917
3204
4723
4469
2405
2199
4465
3940
2264
2777
2439
2477
4014
4130
4491
4718
4704
2352
4066
4926
4013
4716
2890
3453
2177
4848
4526
4374
2432
2804
3999
3433
4194
3879
4004
2776
4328
4893
4898
3770
3678
3441
4341
4789
4718
2798
3865
2818
3061
4716
3900
4184
3733
3845
3172
4105
4983
3451
3759
4846
4583
2592
4920
4904
3856
4148
2861
4383
2806
3624
4592
4578
4024
4296
4316
2010
2184
2745
4761
3836
3019
4772
4714
3872
3132
4896
3974
3049
2902
4180
2237
4866
2542
3276
3658
4318
3493
3954
3994
4477
3720
3952
4245
4443
2743
2762
3562
3800
3637
4805
2585
2721
3963
3387
2900
4185
2282
2712
3183
2424
4175
2656
4565
2239
4929
4247
4565
2694
2041
2234
1990
2959
2953
2901
4224
3812
2262
4534
4674
3426
2215
2867
3391
4409
3039
4771
4812
4402
4798
2651
4027
2819
4681
4513
3228
4355
4362
3973
4532
4934
3776
4701
2832
2103
4453
2050
2967
2814
4324
2752
3663
4393
3079
4527
2851
3932
4564
3612
3135
3425
4868
4465
2094
3881
3003
2367
2138
3793
4229
4579
3179
2104
2894
3186
2477
2014
3483
3578
2155
3392
2841
3926
4270
4947
4084
3976
4138
3405
3193
4459
4599
4413
4702
2057
4199
3765
2606
3418
3455
4124
3640
3553
2577
3208
4946
2839
3243
2672
3993
2848
4576
3630
2702
3160
4514
2799
4134
4330
4707
4231
4307
4595
3072
3541
3746
4006
4752
4605
3434
2362
3447
4500
2910
3041
2470
2667
2740
2373
3278
4626
4052
4095
4667
4657
4511
4447
3577
4288
3527
2853
2648
4172
4531
2950
4208
3231
4606
2814
4072
3124
3239
2291
2268
2052
2307
3190
4822
2092
2304
2560
4720
3522
4514
4349
2205
3272
3793
3658
3540
3255
4661
2551
2205
4234
4787
2771
4334
4231
3674
3536
4802
2369
3769
3054
3134
4906
4152
2676
3850
2615
2453
3542
3076
4384
2454
4027
3126
4249
4172
2954
2362
3499
4066
4620
4834
2304
4371
2823
2369
2595
3878
3477
4416
2649
3778
3941
4860
4403
2365
2592
2008
3236
2492
4871
2368
4081
2135
2000
4033
3537
4297
2701
3668
4184
4877
4629
3070
4661
3026
4820
2749
3390
4857
3184
4436
2804
2949
3991
4359
3695
2997
2223
2291
3379
2167
2461
2499
4197
2638
1996
2852
4556
2055
3464
4767
4400
4586
2934
4906
3944
2910
3386
3653
4515
3713
2114
3061
4117
3966
2927
3490
2247
2349
3703
2892
2725
2449
2961
2443
4142
2384
4471
4675
4958
4567
2771
3963
2235
4949
4964
4982
2393
2549
4930
4227
2897
4077
4158
4706
2790
2751
3432
2329
4071
3002
3869
2473
4164
3365
4411
3915
2953
3427
2141
4624
3508
4889
2487
4004
2895
4343
3739
4776
3236
2394
4131
3706
2346
2944
4015
3815
3693
2508
4672
4489
2267
3081
4046
4954
4395
3328
2054
4711
2564
3284
3973
2500
4905
2596
3270
2894
3963
2941
2581
3689
3641
4604
2800
4493
2016
3341
3626
2404
2598
3857
3131
3155
4475
3853
2036
3134
3309
2770
2098
2871
3437
4852
4154
4343
3655
4370
3349
2630
2018
3982
3126
4481
2899
4294
3263
4213
2126
2865
4720
4429
3454
3910
2073
3378
4772
2543
2522
3083
3376
2520
2939
2088
4197
2742
3207
3041
4720
2214
2241
2282
3998
3661
3950
4042
2871
2362
4694
2625
3801
3205
4289
2419
4946
4552
4271
2598
3761
3890
4753
3083
2892
4833
4294
4874
4223
3501
3074
3271
4950
3605
3759
3591
4564
3630
3811
2339
3908
3039
3028
2047
2094
4161
3217
4938
4356
3138
3496
4034
2608
2775
2774
2223
3684
3634
4925
2360
2626
3584
3054
2408
2816
3924
3672
2770
4019
4800
2408
2225
4035
4553
2586
4728
2184
2453
2937
3695
2156
3462
4326
3858
3526
3535
4784
3776
3018
3881
3641
2566
2671
2109
4278
2758
2172
3661
3850
3240
2279
2061
4286
4632
2564
4657
2519
3076
3641
2548
2739
2751
2573
2807
3033
2549
4924
3773
4845
2263
4963
4660
2542
4422
4318
2499
