136
428
77
747
353
19
565
439
556
586
294
22
170
133
985
190
880
259
690
239
292
17
128
816
798
438
461
361
81
361
724
888
519
615
855
601
814
354
425
976
274
16
223
419
573
71
681
603
456
758
421
807
328
175
34
325
914
97
419
143
294
991
523
525
513
991
993
520
662
71
548
705
790
949
668
551
657
287
838
509
446
284
1000
757
200
707
277
560
564
625
599
544
421
786
345
608
496
579
749
508
865
47
978
558
114
476
62
671
552
91
453
686
645
147
303
694
221
660
698
442
752
226
639
646
55
87
138
511
92
880
15
562
664
136
790
523
198
705
348
379
790
613
940
413
484
778
216
85
263
592
501
945
567
239
703
20
785
771
459
459
827
144
926
273
151
945
331
406
242
514
612
436
870
823
93
326
869
312
48
687
801
553
223
731
953
409
129
663
106
30
471
468
175
837
363
771
209
645
633
896
619
501
203
449
353
857
536
865
103
931
280
980
376
920
351
594
174
419
313
36
48
191
568
644
813
486
627
932
793
10
721
815
401
270
156
82
900
138
31
488
707
287
142
334
773
132
650
739
883
467
16
592
171
734
214
396
546
252
252
677
632
220
106
387
669
729
104
951
105
180
256
237
609
193
777
587
29
745
468
826
688
172
931
122
509
353
579
269
429
750
682
964
846
548
192
448
632
726
92
596
851
68
537
968
149
521
405
243
544
562
516
670
980
708
594
23
603
577
778
807
614
459
162
268
491
144
542
504
560
593
218
300
409
662
773
463
146
755
973
716
907
173
376
969
239
791
880
627
671
177
107
532
911
263
12
698
541
365
899
851
598
945
436
468
563
900
986
625
68
131
864
700
402
673
102
789
516
880
7
408
47
942
89
280
452
939
941
423
55
994
970
558
866
140
840
145
206
917
651
802
957
121
731
944
990
996
71
147
694
864
833
418
446
683
234
254
929
791
269
147
23
568
46
84
1000
271
308
573
726
905
795
500
532
733
728
409
20
546
42
156
929
928
818
692
810
853
755
327
347
790
290
176
878
727
54
15
660
569
793
372
857
206
281
248
296
52
939
246
652
790
558
39
745
398
867
490
50
685
932
308
673
811
290
482
732
349
74
562
346
706
432
639
243
162
959
400
180
946
970
113
50
46
200
941
566
460
194
182
125
313
812
66
625
163
143
352
87
315
4
534
958
269
795
290
793
354
665
298
486
587
86
820
335
162
445
610
392
904
680
457
146
131
933
451
239
46
327
199
54
350
407
252
188
336
52
42
954
359
951
656
550
568
621
536
478
524
843
34
283
249
513
883
166
56
106
9
115
530
694
409
653
759
411
229
865
731
470
547
558
103
17
670
390
218
968
311
614
819
565
69
227
157
763
683
362
336
599
213
908
776
760
200
506
749
417
850
615
691
414
401
510
504
445
801
851
579
13
687
148
940
251
558
499
593
974
38
81
295
962
229
374
773
289
608
893
351
39
359
508
801
297
668
732
606
761
504
344
224
87
419
433
826
29
360
839
369
351
216
701
478
358
299
960
685
408
729
872
14
89
139
238
414
246
373
153
111
182
563
986
891
349
936
524
823
675
243
820
203
989
716
776
3
291
801
811
373
661
435
609
852
571
546
102
159
674
936
756
109
503
673
600
528
57
148
572
300
445
235
297
340
971
771
213
123
140
83
544
352
925
617
498
637
112
839
616
82
805
16
434
787
286
313
832
133
514
251
16
656
461
239
377
367
523
902
872
529
261
690
208
199
570
84
39
63
938
280
972
846
379
450
491
407
523
195
269
803
546
774
978
139
489
580
63
306
228
44
437
820
898
392
463
356
433
295
317
28
203
970
735
411
382
383
255
480
272
22
65
93
209
258
525
35
243
344
278
995
207
180
284
317
882
641
66
795
824
152
41
427
541
964
876
181
40
247
723
581
901
253
658
945
155
181
633
829
728
694
807
389
938
872
198
967
25
121
970
866
160
318
652
668
994
334
587
645
709
887
320
708
423
729
244
867
992
898
34
726
926
827
485
739
691
451
829
57
690
347
730
688
749
716
502
512
204
642
513
881
356
564
193
786
404
166
697
558
142
930
417
773
131
661
497
197
576
35
379
353
656
970
427
148
151
914
869
540
803
993
92
150
300
138
59
163
712
417
11
57
992
81
7
859
171
459
744
633
495
73
964
619
72
164
951
947
541
802
998
411
568
134
828
354
887
578
366
876
583
222
610
826
195
752
992
64
30
221
314
882
353
402
359
858
316
177
599
779
982
690
692
235
302
282
